206 291
32 94
7 171
25 155
9 81
158 219
192 218
51 44
127 206
236 276
259 52
73 115
261 204
203 44
210 124
195 181
216 271
170 208
98 215
58 259
183 199
241 195
91 192
41 259
86 103
86 5
220 157
112 150
9 273
6 199
58 255
258 298
90 206
134 285
193 287
127 156
206 153
122 152
247 134
104 187
62 205
179 137
259 96
68 19
87 231
252 226
295 102
61 66
159 41
103 145
171 281
217 66
76 43
182 171
199 30
254 244
270 174
11 174
23 148
193 275
170 209
191 185
221 228
52 243
131 115
206 180
254 58
254 147
250 215
252 294
38 297
228 36
214 180
127 103
166 177
145 223
93 282
293 104
54 206
248 188
277 272
215 245
49 262
189 163
165 210
74 146
275 40
69 23
69 282
26 290
257 183
188 75
80 142
107 209
100 200
257 165
69 140
76 32
274 162
215 201
184 212
175 82
36 41
195 37
116 75
290 159
109 169
174 88
27 156
86 179
220 216
217 36
237 157
220 293
41 131
258 75
136 154
67 274
96 255
215 206
185 69
224 215
118 194
121 295
86 36
258 74
87 253
11 279
141 79
130 273
200 180
107 39
34 238
51 42
193 265
45 186
222 94
135 206
195 292
142 163
131 259
5 288
124 40
200 44
119 194
168 70
179 270
226 129
53 15
274 34
105 186
223 288
268 144
85 74
278 181
294 74
142 235
25 40
23 217
138 29
139 6
278 242
297 117
46 261
96 205
209 45
30 245
263 37
248 146
134 280
261 259
213 277
55 144
171 160
182 235
119 260
43 265
228 22
120 169
91 284
206 1
170 239
220 49
220 109
147 209
126 113
80 20
59 123
19 121
73 120
170 200
118 277
152 47
251 66
137 26
275 297
252 130
133 149
32 111
42 261
263 281
96 241
228 34
290 164
123 203
63 115
291 219
96 261
285 95
66 239
213 218
58 197
256 197
223 131
258 167
127 205
297 24
297 281
118 116
192 46
134 23
288 150
291 67
87 274
229 215
269 88
73 284
58 238
153 64
139 160
168 152
3 38
156 87
79 146
288 190
69 176
79 32
229 239
56 131
249 279
62 110
116 293
140 220
88 159
127 110
21 163
289 214
202 254
226 24
206 271
16 96
83 242
102 79
293 189
62 179
158 10
126 131
181 0
59 220
295 58
0 209
188 14
58 23
263 16
281 36
83 193
241 97
265 166
134 168
277 104
288 238
60 143
238 59
118 257
189 217
72 6
115 90
124 93
214 86
134 126
118 101
59 259
86 284
287 13
209 71
213 6
294 36
299 169
30 254
233 16
280 286
15 187
251 281
191 168
233 155
154 101
22 62
13 96
271 142
219 232
5 230
96 110
188 93
118 78
4 44
87 249
137 81
176 139
201 159
82 186
57 36
47 194
90 235
64 225
179 163
50 293
90 259
213 32
291 223
279 33
42 298
22 29
87 276
80 280
85 135
56 290
295 35
245 65
33 245
129 204
73 94
176 31
201 5
253 36
197 208
256 163
244 94
109 279
110 210
167 219
206 41
225 272
148 171
8 293
247 248
52 232
277 213
15 22
37 71
132 5
233 110
207 297
279 169
107 164
3 47
296 236
9 177
73 207
15 234
26 272
184 258
273 238
76 274
39 289
140 39
130 129
243 238
130 211
211 83
157 263
289 298
234 44
251 88
142 149
258 21
190 80
281 160
239 41
208 4
188 195
155 175
27 247
43 25
121 177
77 259
7 282
73 251
82 244
256 65
21 15
226 252
125 156
288 207
268 128
256 149
40 233
259 205
298 7
293 295
57 254
249 284
253 190
228 109
46 90
244 45
253 189
162 252
269 61
20 235
81 3
115 256
53 39
170 138
37 124
115 223
162 135
251 108
33 244
259 4
103 156
44 286
170 115
206 61
197 203
118 194
188 295
157 133
15 48
108 260
4 77
63 199
236 43
42 160
87 10
169 36
237 28
80 225
186 300
151 177
202 208
12 21
239 182
21 265
65 177
116 76
181 227
127 278
245 150
198 11
164 115
162 118
175 278
198 134
187 178
160 271
200 45
61 226
176 155
97 60
25 230
206 129
125 23
270 205
216 123
110 247
185 166
224 134
37 207
254 34
162 21
295 233
269 82
237 261
281 222
98 300
267 121
109 132
200 139
150 40
74 94
128 235
165 295
85 223
145 27
139 190
21 45
81 200
282 263
212 47
151 65
9 34
210 82
228 169
278 22
1 53
12 28
240 40
46 203
216 46
234 8
168 169
191 293
171 121
272 116
260 236
280 249
279 9
36 61
255 294
14 229
103 64
20 282
12 225
254 241
172 167
100 242
91 233
119 284
46 264
280 278
19 142
51 286
195 237
52 19
224 182
90 203
176 233
47 224
220 233
186 110
48 40
99 46
12 200
252 77
147 183
295 46
99 217
71 84
140 245
205 249
117 212
12 52
23 261
272 90
246 282
253 218
53 89
128 233
293 1
170 51
129 212
16 160
167 105
23 168
288 254
211 15
136 133
150 49
227 66
178 168
277 207
124 149
155 93
26 161
108 19
164 118
164 271
122 139
15 269
210 78
299 121
133 85
128 284
183 149
91 58
298 201
163 295
214 252
43 135
194 208
168 243
294 59
169 73
122 168
84 84
163 139
133 59
32 52
145 168
298 284
180 99
203 188
258 4
202 217
68 282
10 237
106 143
258 10
76 39
40 100
180 245
140 157
154 31
218 295
146 248
39 297
81 24
199 111
149 249
177 248
184 55
127 261
263 214
292 158
58 195
204 32
176 168
214 128
31 172
190 13
18 148
166 9
107 238
49 149
57 187
255 7
65 218
129 243
237 14
72 282
190 93
203 7
70 171
282 120
207 11
40 194
35 53
49 36
43 118
263 153
104 7
232 210
110 172
273 131
0 256
6 165
150 218
200 233
284 179
166 127
82 300
58 264
295 157
20 196
229 69
55 63
29 180
85 8
246 149
232 54
43 131
184 163
28 168
61 21
45 192
153 128
167 98
251 0
9 190
53 280
32 63
188 47
90 35
153 268
218 242
231 166
181 3
14 43
264 236
22 92
211 59
113 181
292 294
291 21
29 22
289 102
59 141
208 85
154 182
289 204
86 103
185 262
63 184
111 291
5 168
131 212
151 30
211 195
24 13
267 234
46 123
261 71
246 230
56 99
270 161
41 3
165 144
169 135
214 20
55 95
134 16
169 86
4 209
207 73
194 56
54 173
113 55
12 269
238 132
28 63
53 179
286 128
270 0
145 30
15 105
229 290
1 116
199 135
137 146
156 11
86 157
177 67
215 299
105 52
107 106
13 200
151 39
203 77
96 253
20 72
143 95
122 201
170 36
260 17
170 150
157 236
61 184
123 173
201 279
63 19
0 75
230 64
240 217
5 134
108 81
211 89
284 134
279 20
158 52
76 245
213 186
236 201
250 298
259 192
269 61
90 51
128 19
97 42
214 213
147 1
81 184
260 267
32 241
297 223
262 154
182 115
52 249
255 55
95 288
226 24
277 16
271 216
122 253
156 241
181 197
85 239
220 284
298 63
41 42
127 246
8 212
28 299
203 131
151 90
230 95
289 234
235 179
26 166
54 177
119 118
147 25
14 31
236 92
164 287
274 127
265 182
10 293
282 151
298 111
233 40
141 144
298 86
173 78
223 276
216 42
74 174
19 252
114 129
221 290
163 86
260 131
276 52
85 127
291 147
238 87
177 84
248 242
214 151
128 123
64 290
68 215
297 245
275 162
90 176
180 114
35 150
245 45
118 160
173 217
33 82
288 265
250 26
133 12
139 280
49 176
113 4
125 229
230 39
298 0
215 193
253 123
163 285
156 93
131 46
227 160
82 275
196 22
247 240
23 239
170 69
230 60
222 203
24 75
51 274
178 12
10 240
241 149
4 241
245 219
129 53
158 103
149 3
112 258
54 40
294 136
30 181
22 63
25 188
109 65
201 6
284 148
203 280
253 29
285 90
18 32
296 174
277 80
235 116
142 102
127 66
87 128
115 101
278 79
104 204
264 230
44 110
232 253
167 43
293 123
217 300
219 266
254 99
124 257
206 174
235 231
6 3
91 211
299 63
177 72
134 175
28 294
247 215
217 0
1 223
161 70
231 78
156 269
284 48
48 154
261 111
122 213
259 294
225 300
194 62
213 206
278 225
8 71
206 31
64 91
14 221
74 163
50 97
253 226
154 199
10 28
89 168
88 254
235 243
292 256
247 203
295 282
210 215
191 8
168 12
129 230
76 233
109 283
182 22
109 198
116 100
207 19
129 88
2 228
99 154
145 200
275 210
149 232
193 170
74 77
64 258
3 224
273 29
53 112
278 22
194 175
199 172
33 91
100 289
287 239
231 200
245 246
147 57
220 107
282 87
68 63
199 228
0 251
121 280
70 107
132 244
271 47
266 231
7 104
267 29
86 284
19 43
79 188
200 98
262 149
27 50
90 171
170 20
29 149
105 241
143 159
291 152
297 41
155 243
279 4
121 231
228 51
158 277
15 39
9 284
281 204
108 44
175 283
247 54
133 66
261 178
208 73
244 76
33 279
221 237
85 0
98 50
1 158
65 159
214 290
150 247
98 123
124 30
66 118
15 119
54 178
110 129
33 63
20 2
45 141
41 47
179 282
61 274
73 234
205 123
283 17
123 64
98 177
39 82
87 32
128 89
229 242
19 277
230 169
264 126
36 205
40 102
155 192
230 187
216 38
175 227
208 85
57 225
170 2
183 43
148 72
274 97
33 59
287 60
272 247
124 19
248 97
181 243
272 212
217 18
294 110
295 215
295 128
79 145
5 215
74 16
242 69
242 97
154 104
280 159
205 257
260 273
99 274
11 40
53 152
152 168
254 105
274 116
98 141
137 19
183 61
239 170
261 52
76 252
292 269
171 30
160 86
195 46
156 134
118 278
182 122
130 218
114 241
244 231
189 295
142 165
206 117
271 141
257 64
161 245
167 172
150 255
145 234
292 85
212 166
72 124
285 235
7 206
99 264
11 83
53 141
143 261
244 235
31 283
72 70
274 190
60 89
72 157
267 257
102 175
180 104
212 217
3 60
85 206
150 89
137 246
10 209
200 24
181 231
22 90
288 67
213 244
34 207
168 68
72 14
52 195
117 83
180 295
128 165
73 232
143 15
69 215
86 249
195 280
88 154
156 24
261 49
181 58
7 104
109 128
223 280
135 293
167 231
230 79
231 42
113 163
268 214
99 107
75 168
229 144
0 238
255 153
33 234
286 111
94 79